1352;1;0;;1301;1101
1701;2;1;;1302;1101
1702;3;0;;1303;1101
1951;1;3;;1302;3
1952;2;2;;1303;3
1953;1;1;;1304;3
2101;4;5;;1305;3
2102;3;1;;1306;3
2301;4;2;;1304;1101
2302;5;0;;1305;1101
2304;-1;-9;;1651;1101
2305;5;4;;1652;1101
2303;99999;99999;;1306;1101
1351;2;2;;1301;3
2103;2;1;;1651;3
2306;1;1;;1652;3
2307;5;5;;2351;1101
2308;4;9;;1653;1101
2309;2;5;;1655;1101
2310;2;2;;1692;1101
2311;4;4;;1691;1101
2601;5;1;;2351;2501
2602;4;3;;2352;2501
2603;12;30;;2353;2501
2604;0;0;;1301;2501
2605;3;1;;1302;2501
2606;2;0;;1674;2501
2607;3;3;;1659;2501
2608;5;2;;1652;2501
2609;1;5;;1692;3
2610;7;0;;1654;1101
